2007	3	25	1:00	10	28	2:00		
2008	3	30	1:00	10	26	2:00		
2009	3	29	1:00	10	25	2:00		
2010	3	28	1:00	10	31	2:00		
2011	3	27	1:00	10	30	2:00		
2012	3	25	1:00	10	28	2:00		
2013	3	31	1:00	10	27	2:00		
2014	3	30	1:00	10	26	2:00		
2015	3	29	1:00	10	25	2:00		
2016	3	27	1:00	10	30	2:00		
2017	3	26	1:00	10	29	2:00		
2018	3	25	1:00	10	28	2:00		
2019	3	31	1:00	10	27	2:00		
2020	3	29	1:00	10	25	2:00		
2021	3	28	1:00	10	31	2:00		
2022	3	27	1:00	10	30	2:00		
2023	3	26	1:00	10	29	2:00		
2024	3	31	1:00	10	27	2:00		
2025	3	30	1:00	10	26	2:00		
2026	3	29	1:00	10	25	2:00		
2027	3	28	1:00	10	31	2:00		
2028	3	26	1:00	10	29	2:00		
2029	3	25	1:00	10	28	2:00		
2030	3	31	1:00	10	27	2:00		
2031	3	30	1:00	10	26	2:00		
2032	3	28	1:00	10	31	2:00		
2033	3	27	1:00	10	30	2:00		
2034	3	26	1:00	10	29	2:00		
2035	3	25	1:00	10	28	2:00		
2036	3	30	1:00	10	26	2:00		
2037	3	29	1:00	10	25	2:00		
2038	3	28	1:00	10	31	2:00		
2039	3	27	1:00	10	30	2:00		
2040	3	25	1:00	10	28	2:00		
2041	3	31	1:00	10	27	2:00		
2042	3	30	1:00	10	26	2:00		
2043	3	29	1:00	10	25	2:00		
2044	3	27	1:00	10	30	2:00		
2045	3	26	1:00	10	29	2:00		
2046	3	25	1:00	10	28	2:00		
2047	3	31	1:00	10	27	2:00		
2048	3	29	1:00	10	25	2:00		
2049	3	28	1:00	10	31	2:00		
2050	3	27	1:00	10	30	2:00		
2051	3	26	1:00	10	29	2:00		
2052	3	31	1:00	10	27	2:00		
2053	3	30	1:00	10	26	2:00		
2054	3	29	1:00	10	25	2:00		
2055	3	28	1:00	10	31	2:00		
2056	3	26	1:00	10	29	2:00		
2057	3	25	1:00	10	28	2:00		
