2007	10 	28 	2:00	3 	25 	2:00			
2008	10 	26 	2:00	3 	30 	2:00			
2009				3 	29 	2:00			
2010									
2011									
2012									
2013									
2014									
2015									
2016									
2017									
2018									
2019									
2020									
2021									
2022									
2023									
2024									
2025									
2026									
2027									
2028									
2029									
2030									
2031									
2032									
2033									
2034									
2035									
2036									
2037									
2038									
2039									
2040									
2041									
2042									
2043									
2044									
2045									
2046									
2047									
2048									
2049									
2050									
2051									
2052									
2053									
2054									
2055									
2056									
2057									
