2007	3	11	2:00	11	4	2:00		
2008	3	9	2:00	11	2	2:00		
2009	3	8	2:00	11	1	2:00		
2010	3	14	2:00	11	7	2:00		
2011	3	13	2:00	11	6	2:00		
2012	3	11	2:00	11	4	2:00		
2013	3	10	2:00	11	3	2:00		
2014	3	9	2:00	11	2	2:00		
2015	3	8	2:00	11	1	2:00		
2016	3	13	2:00	11	6	2:00		
2017	3	12	2:00	11	5	2:00		
2018	3	11	2:00	11	4	2:00		
2019	3	10	2:00	11	3	2:00		
2020	3	8	2:00	11	1	2:00		
2021	3	14	2:00	11	7	2:00		
2022	3	13	2:00	11	6	2:00		
2023	3	12	2:00	11	5	2:00		
2024	3	10	2:00	11	3	2:00		
2025	3	9	2:00	11	2	2:00		
2026	3	8	2:00	11	1	2:00		
2027	3	14	2:00	11	7	2:00		
2028	3	12	2:00	11	5	2:00		
2029	3	11	2:00	11	4	2:00		
2030	3	10	2:00	11	3	2:00		
2031	3	9	2:00	11	2	2:00		
2032	3	14	2:00	11	7	2:00		
2033	3	13	2:00	11	6	2:00		
2034	3	12	2:00	11	5	2:00		
2035	3	11	2:00	11	4	2:00		
2036	3	9	2:00	11	2	2:00		
2037	3	8	2:00	11	1	2:00		
2038	3	14	2:00	11	7	2:00		
2039	3	13	2:00	11	6	2:00		
2040	3	11	2:00	11	4	2:00		
2041	3	10	2:00	11	3	2:00		
2042	3	9	2:00	11	2	2:00		
2043	3	8	2:00	11	1	2:00		
2044	3	13	2:00	11	6	2:00		
2045	3	12	2:00	11	5	2:00		
2046	3	11	2:00	11	4	2:00		
2047	3	10	2:00	11	3	2:00		
2048	3	8	2:00	11	1	2:00		
2049	3	14	2:00	11	7	2:00		
2050	3	13	2:00	11	6	2:00		
2051	3	12	2:00	11	5	2:00		
2052	3	10	2:00	11	3	2:00		
2053	3	9	2:00	11	2	2:00		
2054	3	8	2:00	11	1	2:00		
2055	3	14	2:00	11	7	2:00		
2056	3	12	2:00	11	5	2:00		
2057	3	11	2:00	11	4	2:00		
